<?xml version="1.0"?>
<opencv_storage>
<cameraMatrix-Left type_id="opencv-matrix">
  <rows>3</rows>
  <cols>3</cols>
  <dt>d</dt>
  <data>
    6.8504984850038340e+002 0. 2.8342929252798518e+002 0.
    6.8267198254683171e+002 2.2149406718322575e+002 0. 0. 1.</data></cameraMatrix-Left>
<cameraMatrix-Right type_id="opencv-matrix">
  <rows>3</rows>
  <cols>3</cols>
  <dt>d</dt>
  <data>
    6.9664134285417367e+002 0. 3.5327670766488149e+002 0.
    6.9243564343399464e+002 2.6528586574280189e+002 0. 0. 1.</data></cameraMatrix-Right>
<distCoeffs-Left type_id="opencv-matrix">
  <rows>1</rows>
  <cols>5</cols>
  <dt>d</dt>
  <data>
    -2.3226616952239914e-002 -1.2838812381681157e+000 0. 0.
    6.4303895891903613e+000</data></distCoeffs-Left>
<distCoeffs-Right type_id="opencv-matrix">
  <rows>1</rows>
  <cols>5</cols>
  <dt>d</dt>
  <data>
    -3.0593471091426921e-001 3.4522593209659225e-001
    -1.4045981146684535e-002 8.8501896680399168e-004
    4.4200843507513525e+000</data></distCoeffs-Right>
<rotateMatrix type_id="opencv-matrix">
  <rows>3</rows>
  <cols>3</cols>
  <dt>d</dt>
  <data>
    6.9707766595083998e-001 -9.7154655267807477e-002
    7.1038278455514581e-001 1.5012712951035556e-001
    9.8859251111343815e-001 -1.2111645445918064e-002
    -7.0110239809710406e-001 1.1509048583710207e-001
    7.0371130973735929e-001</data></rotateMatrix>
<transMatrix type_id="opencv-matrix">
  <rows>3</rows>
  <cols>1</cols>
  <dt>d</dt>
  <data>
    -5.4110638746033931e+002 -2.1868656344750999e+001
    2.3292756582954070e+002</data></transMatrix>
</opencv_storage>
